0 
0 
0 
0 
0 
0 
0 
0 
0 
0 
0 
0 
0 
0 
0 
0 
0 
0 
0 
0 
0 
0 
0 
0 
0 
0 
0 
0 
0 
0 
0 
0 
0 
0 
0 
0 
0 
0 
0 
0 
0 
0 
0 
0 
0 
0 
0 
0 
0 
0 
0 
0 
0 
0 
0 
0 
0 
0 
0 
0 
0 
0 
0 
0 
0 
0 
0 
0 
0 
0 
0 
0 
0 
0 
0 
0 
0 
0 
0 
0 
0 
0 
0 
0 
0 
0 
0 
0 
0 
0 
0 
0 
0 
0 
0 
0 
0 
0 
0 
0 
0 
0 
0 
0 
0 
0 
0 
0 
0 
0 
0 
0 
0 
0 
0 
0 
0 
0 
0 
0 
0 
0 
0 
0 
0 
0 
0 
0 
0 
2 
3 
0 
0 
0 
0 
0 
0 
0 
0 
0 
0 
0 
0 
0 
0 
0 
0 
0 
0 
0 
0 
0 
0 
0 
0 
0 
0 
0 
0 
0 
0 
0 
0 
0 
0 
0 
0 
0 
0 
0 
0 
0 
0 
0 
0 
0 
0 
0 
0 
0 
0 
0 
0 
0 
0 
0 
0 
0 
0 
0 
0 
0 
0 
0 
0 
0 
0 
0 
0 
0 
0 
0 
0 
0 
0 
0 
0 
0 
0 
0 
0 
0 
0 
0 
0 
0 
0 
0 
0 
0 
0 
0 
0 
0 
0 
0 
0 
0 
0 
0 
0 
0 
0 
0 
0 
0 
0 
0 
0 
0 
0 
0 
0 
0 
0 
0 
0 
0 
0 
0 
0 
0 
0 
0 
0 
0 
0 
0 
0 
-3979 
356 
-2244 
-2693 
125 
581 
3157 
-1556 
-1902 
3380 
4057 
1611 
-343 
1674 
-3099 
434 
1932 
-3101 
228 
-353 
-3789 
-908 
1379 
1400 
-2442 
64 
-69 
2796 
-2138 
-3332 
3039 
1628 
932 
-225 
467 
-707 
1253 
-869 
-3076 
-927 
3600 
2817 
-2322 
3181 
-3893 
1903 
-2693 
806 
4082 
-550 
-2159 
2920 
-1546 
-907 
3630 
-3038 
3184 
-2713 
-1727 
-1401 
2102 
-3087 
-1053 
-2547 
-59 
2793 
1105 
2437 
-1824 
2089 
1580 
2986 
1625 
329 
122 
-1005 
-3391 
-3280 
638 
-428 
768 
3925 
-413 
3299 
-3599 
-2052 
3323 
1556 
-3370 
-437 
1547 
-3795 
2234 
2521 
-2265 
-576 
1951 
1756 
71 
3681 
3342 
3128 
2824 
2782 
-773 
-1820 
1262 
-3683 
-391 
-676 
2910 
-2069 
3510 
-4088 
3037 
-146 
-1475 
-2672 
-527 
-3985 
4010 
3788 
-1080 
-2413 
-1721 
1827 
-3697 
-252 
2606 
0 
0 
0 
0 
0 
0 
0 
0 
0 
0 
0 
0 
0 
0 
0 
0 
0 
0 
0 
0 
0 
0 
0 
0 
0 
0 
0 
0 
0 
0 
0 
0 
0 
0 
0 
0 
0 
0 
0 
0 
0 
0 
0 
0 
0 
0 
0 
0 
0 
0 
0 
0 
0 
0 
0 
0 
0 
0 
0 
0 
0 
0 
0 
0 
0 
0 
0 
0 
0 
0 
0 
0 
0 
0 
0 
0 
0 
0 
0 
0 
0 
0 
0 
0 
0 
0 
0 
0 
0 
0 
0 
0 
0 
0 
0 
0 
0 
0 
0 
0 
0 
0 
0 
0 
0 
0 
0 
0 
0 
0 
0 
0 
0 
0 
0 
0 
0 
0 
0 
0 
0 
0 
0 
0 
0 
0 
0 
0 
0 
