0 
0 
0 
0 
0 
0 
0 
0 
0 
0 
0 
0 
0 
0 
0 
0 
0 
0 
0 
0 
0 
0 
0 
0 
0 
0 
0 
0 
0 
0 
0 
0 
0 
0 
0 
0 
0 
0 
0 
0 
0 
0 
0 
0 
0 
0 
0 
0 
0 
0 
0 
0 
0 
0 
0 
0 
0 
0 
0 
0 
0 
0 
0 
0 
0 
0 
0 
0 
0 
0 
0 
0 
0 
0 
0 
0 
0 
0 
0 
0 
0 
2 
3 
0 
0 
0 
0 
0 
0 
0 
0 
0 
0 
0 
0 
0 
0 
0 
0 
0 
0 
0 
0 
0 
0 
0 
0 
0 
0 
0 
0 
0 
0 
0 
0 
0 
0 
0 
0 
0 
0 
0 
0 
0 
0 
0 
0 
0 
0 
0 
0 
0 
0 
0 
0 
0 
0 
0 
0 
0 
0 
0 
0 
0 
0 
0 
0 
0 
0 
0 
0 
0 
0 
0 
0 
0 
0 
0 
0 
0 
0 
0 
0 
-1857007521 
801920051 
262928585 
-480617431 
1096317197 
393438719 
-1725082527 
1862170505 
73006157 
-1346165385 
886079097 
1679774981 
1158082205 
-904156973 
-571959039 
-778764501 
-1929623489 
116057371 
661082921 
-259736331 
-1701744413 
-1031138545 
-152494525 
1119992843 
-1121937301 
-1493797247 
2128470395 
419337039 
-243714981 
1281112809 
991936041 
-1593994221 
1745107625 
-307797351 
-2009456281 
-1603882045 
-1230793171 
-1378337093 
1342061785 
-1135807593 
1611406279 
-1158424811 
-559054775 
1354835847 
-1190512259 
1313085733 
1489957959 
2064092893 
758419013 
-714577101 
-1168782483 
1453210975 
-1362144153 
-1381102451 
2109330113 
851164515 
-1014052709 
-753657571 
-864245791 
200378971 
515007101 
1365249097 
2026288731 
1039027791 
-396934067 
-1186656487 
1692536327 
889659727 
1729881275 
1480975839 
1425457343 
333997869 
-20068975 
2003153401 
-1249407059 
-689340247 
2080227883 
1356256421 
1210238489 
-486819761 
-67028057 
0 
0 
0 
0 
0 
0 
0 
0 
0 
0 
0 
0 
0 
0 
0 
0 
0 
0 
0 
0 
0 
0 
0 
0 
0 
0 
0 
0 
0 
0 
0 
0 
0 
0 
0 
0 
0 
0 
0 
0 
0 
0 
0 
0 
0 
0 
0 
0 
0 
0 
0 
0 
0 
0 
0 
0 
0 
0 
0 
0 
0 
0 
0 
0 
0 
0 
0 
0 
0 
0 
0 
0 
0 
0 
0 
0 
0 
0 
0 
0 
0 
